[4.jpg]
filters=radblur=1,0.500000,0.500000,0.204678,-0.064327;bw=1;
moddate=59c6bb1b702ad001
width=1280
height=720
textactive=0
